(0, 1)
(1, 2)
(2, 0)
(2, 1)
(2, 2)
(9, 10)
(10, 11)
(11, 9)
(11, 10)
(11, 11)
(18, 19)
(19, 20)
(20, 18)
(20, 19)
(20, 20)
(27, 28)
(28, 29)
(29, 27)
(29, 28)
(29, 29)
(36, 37)
(37, 38)
(38, 36)
(38, 37)
(38, 38)
(45, 46)
(46, 47)
(47, 45)
(47, 46)
(47, 47)
(54, 55)
(55, 56)
(56, 54)
(56, 55)
(56, 56)
(63, 64)
(64, 65)
(65, 63)
(65, 64)
(65, 65)
(72, 73)
(73, 74)
(74, 72)
(74, 73)
(74, 74)
(81, 82)
(82, 83)
(83, 81)
(83, 82)
(83, 83)
(90, 91)
(91, 92)
(92, 90)
(92, 91)
(92, 92)
(99, 100)
(100, 101)
(101, 99)
(101, 100)
(101, 101)
(108, 109)
(109, 110)
(110, 108)
(110, 109)
(110, 110)
(117, 118)
(118, 119)
(119, 117)
(119, 118)
(119, 119)
(126, 127)
(127, 128)
(128, 126)
(128, 127)
(128, 128)
(135, 136)
(136, 137)
(137, 135)
(137, 136)
(137, 137)
(144, 145)
(145, 146)
(146, 144)
(146, 145)
(146, 146)
(153, 154)
(154, 155)
(155, 153)
(155, 154)
(155, 155)
(162, 163)
(163, 164)
(164, 162)
(164, 163)
(164, 164)
(171, 172)
(172, 173)
(173, 171)
(173, 172)
(173, 173)
(180, 181)
(181, 182)
(182, 180)
(182, 181)
(182, 182)
(189, 190)
(190, 191)
(191, 189)
(191, 190)
(191, 191)
(198, 199)
(199, 200)
(200, 198)
(200, 199)
(200, 200)
(207, 208)
(208, 209)
(209, 207)
(209, 208)
(209, 209)
(216, 217)
(217, 218)
(218, 216)
(218, 217)
(218, 218)
(225, 226)
(226, 227)
(227, 225)
(227, 226)
(227, 227)
(234, 235)
(235, 236)
(236, 234)
(236, 235)
(236, 236)
(243, 244)
(244, 245)
(245, 243)
(245, 244)
(245, 245)
(252, 253)
(253, 254)
(254, 252)
(254, 253)
(254, 254)
(261, 262)
(262, 263)
(263, 261)
(263, 262)
(263, 263)
(270, 271)
(271, 272)
(272, 270)
(272, 271)
(272, 272)
(279, 280)
(280, 281)
(281, 279)
(281, 280)
(281, 281)
(288, 289)
(289, 290)
(290, 288)
(290, 289)
(290, 290)
(297, 298)
(298, 299)
(299, 297)
(299, 298)
(299, 299)
(306, 307)
(307, 308)
(308, 306)
(308, 307)
(308, 308)
(315, 316)
(316, 317)
(317, 315)
(317, 316)
(317, 317)
(324, 325)
(325, 326)
(326, 324)
(326, 325)
(326, 326)
(333, 334)
(334, 335)
(335, 333)
(335, 334)
(335, 335)
(342, 343)
(343, 344)
(344, 342)
(344, 343)
(344, 344)
(351, 352)
(352, 353)
(353, 351)
(353, 352)
(353, 353)
(360, 361)
(361, 362)
(362, 360)
(362, 361)
(362, 362)
(369, 370)
(370, 371)
(371, 369)
(371, 370)
(371, 371)
(378, 379)
(379, 380)
(380, 378)
(380, 379)
(380, 380)
(387, 388)
(388, 389)
(389, 387)
(389, 388)
(389, 389)
(396, 397)
(397, 398)
(398, 396)
(398, 397)
(398, 398)
(405, 406)
(406, 407)
(407, 405)
(407, 406)
(407, 407)
(414, 415)
(415, 416)
(416, 414)
(416, 415)
(416, 416)
(423, 424)
(424, 425)
(425, 423)
(425, 424)
(425, 425)
(432, 433)
(433, 434)
(434, 432)
(434, 433)
(434, 434)
(441, 442)
(442, 443)
(443, 441)
(443, 442)
(443, 443)
(450, 451)
(451, 452)
(452, 450)
(452, 451)
(452, 452)
(459, 460)
(460, 461)
(461, 459)
(461, 460)
(461, 461)
(468, 469)
(469, 470)
(470, 468)
(470, 469)
(470, 470)
(477, 478)
(478, 479)
(479, 477)
(479, 478)
(479, 479)
(486, 487)
(487, 488)
(488, 486)
(488, 487)
(488, 488)
(495, 496)
(496, 497)
(497, 495)
(497, 496)
(497, 497)
(504, 505)
(505, 506)
(506, 504)
(506, 505)
(506, 506)
(513, 514)
(514, 515)
(515, 513)
(515, 514)
(515, 515)
(522, 523)
(523, 524)
(524, 522)
(524, 523)
(524, 524)
(531, 532)
(532, 533)
(533, 531)
(533, 532)
(533, 533)
(540, 541)
(541, 542)
(542, 540)
(542, 541)
(542, 542)
(549, 550)
(550, 551)
(551, 549)
(551, 550)
(551, 551)
(558, 559)
(559, 560)
(560, 558)
(560, 559)
(560, 560)
(567, 568)
(568, 569)
(569, 567)
(569, 568)
(569, 569)
(576, 577)
(577, 578)
(578, 576)
(578, 577)
(578, 578)
(585, 586)
(586, 587)
(587, 585)
(587, 586)
(587, 587)
(594, 595)
(595, 596)
(596, 594)
(596, 595)
(596, 596)
(603, 604)
(604, 605)
(605, 603)
(605, 604)
(605, 605)
(612, 613)
(613, 614)
(614, 612)
(614, 613)
(614, 614)
(621, 622)
(622, 623)
(623, 621)
(623, 622)
(623, 623)
(630, 631)
(631, 632)
(632, 630)
(632, 631)
(632, 632)
(639, 640)
(640, 641)
(641, 639)
(641, 640)
(641, 641)
(648, 649)
(649, 650)
(650, 648)
(650, 649)
(650, 650)
(657, 658)
(658, 659)
(659, 657)
(659, 658)
(659, 659)
(666, 667)
(667, 668)
(668, 666)
(668, 667)
(668, 668)
(675, 676)
(676, 677)
(677, 675)
(677, 676)
(677, 677)
(684, 685)
(685, 686)
(686, 684)
(686, 685)
(686, 686)
(693, 694)
(694, 695)
(695, 693)
(695, 694)
(695, 695)
(702, 703)
(703, 704)
(704, 702)
(704, 703)
(704, 704)
(711, 712)
(712, 713)
(713, 711)
(713, 712)
(713, 713)
(720, 721)
(721, 722)
(722, 720)
(722, 721)
(722, 722)
(729, 730)
(730, 731)
(731, 729)
(731, 730)
(731, 731)
(738, 739)
(739, 740)
(740, 738)
(740, 739)
(740, 740)
(747, 748)
(748, 749)
(749, 747)
(749, 748)
(749, 749)
(756, 757)
(757, 758)
(758, 756)
(758, 757)
(758, 758)
(765, 766)
(766, 767)
(767, 765)
(767, 766)
(767, 767)
(774, 775)
(775, 776)
(776, 774)
(776, 775)
(776, 776)
(783, 784)
(784, 785)
(785, 783)
(785, 784)
(785, 785)
(792, 793)
(793, 794)
(794, 792)
(794, 793)
(794, 794)
(801, 802)
(802, 803)
(803, 801)
(803, 802)
(803, 803)
(810, 811)
(811, 812)
(812, 810)
(812, 811)
(812, 812)
(819, 820)
(820, 821)
(821, 819)
(821, 820)
(821, 821)
(828, 829)
(829, 830)
(830, 828)
(830, 829)
(830, 830)
(837, 838)
(838, 839)
(839, 837)
(839, 838)
(839, 839)
(846, 847)
(847, 848)
(848, 846)
(848, 847)
(848, 848)
(855, 856)
(856, 857)
(857, 855)
(857, 856)
(857, 857)
(864, 865)
(865, 866)
(866, 864)
(866, 865)
(866, 866)
(873, 874)
(874, 875)
(875, 873)
(875, 874)
(875, 875)
(882, 883)
(883, 884)
(884, 882)
(884, 883)
(884, 884)
(891, 892)
(892, 893)
(893, 891)
(893, 892)
(893, 893)
(900, 901)
(901, 902)
(902, 900)
(902, 901)
(902, 902)
(909, 910)
(910, 911)
(911, 909)
(911, 910)
(911, 911)
(918, 919)
(919, 920)
(920, 918)
(920, 919)
(920, 920)
(927, 928)
(928, 929)
(929, 927)
(929, 928)
(929, 929)
(936, 937)
(937, 938)
(938, 936)
(938, 937)
(938, 938)
(945, 946)
(946, 947)
(947, 945)
(947, 946)
(947, 947)
(954, 955)
(955, 956)
(956, 954)
(956, 955)
(956, 956)
(963, 964)
(964, 965)
(965, 963)
(965, 964)
(965, 965)
(972, 973)
(973, 974)
(974, 972)
(974, 973)
(974, 974)
(981, 982)
(982, 983)
(983, 981)
(983, 982)
(983, 983)
(990, 991)
(991, 992)
(992, 990)
(992, 991)
(992, 992)
(999, 1000)
(1000, 1001)
(1001, 999)
(1001, 1000)
(1001, 1001)
(1008, 1009)
(1009, 1010)
(1010, 1008)
(1010, 1009)
(1010, 1010)
(1017, 1018)
(1018, 1019)
(1019, 1017)
(1019, 1018)
(1019, 1019)
(1026, 1027)
(1027, 1028)
(1028, 1026)
(1028, 1027)
(1028, 1028)
(1035, 1036)
(1036, 1037)
(1037, 1035)
(1037, 1036)
(1037, 1037)
(1044, 1045)
(1045, 1046)
(1046, 1044)
(1046, 1045)
(1046, 1046)
(1053, 1054)
(1054, 1055)
(1055, 1053)
(1055, 1054)
(1055, 1055)
(1062, 1063)
(1063, 1064)
(1064, 1062)
(1064, 1063)
(1064, 1064)
(1071, 1072)
(1072, 1073)
(1073, 1071)
(1073, 1072)
(1073, 1073)
(1080, 1081)
(1081, 1082)
(1082, 1080)
(1082, 1081)
(1082, 1082)
(1089, 1090)
(1090, 1091)
(1091, 1089)
(1091, 1090)
(1091, 1091)
(1098, 1099)
(1099, 1100)
(1100, 1098)
(1100, 1099)
(1100, 1100)
(1107, 1108)
(1108, 1109)
(1109, 1107)
(1109, 1108)
(1109, 1109)
(1116, 1117)
(1117, 1118)
(1118, 1116)
(1118, 1117)
(1118, 1118)
(1125, 1126)
(1126, 1127)
(1127, 1125)
(1127, 1126)
(1127, 1127)
(1134, 1135)
(1135, 1136)
(1136, 1134)
(1136, 1135)
(1136, 1136)
(1143, 1144)
(1144, 1145)
(1145, 1143)
(1145, 1144)
(1145, 1145)
(1152, 1153)
(1153, 1154)
(1154, 1152)
(1154, 1153)
(1154, 1154)
(1161, 1162)
(1162, 1163)
(1163, 1161)
(1163, 1162)
(1163, 1163)
(1170, 1171)
(1171, 1172)
(1172, 1170)
(1172, 1171)
(1172, 1172)
(1179, 1180)
(1180, 1181)
(1181, 1179)
(1181, 1180)
(1181, 1181)
(1188, 1189)
(1189, 1190)
(1190, 1188)
(1190, 1189)
(1190, 1190)
(1197, 1198)
(1198, 1199)
(1199, 1197)
(1199, 1198)
(1199, 1199)
(1206, 1207)
(1207, 1208)
(1208, 1206)
(1208, 1207)
(1208, 1208)
(1215, 1216)
(1216, 1217)
(1217, 1215)
(1217, 1216)
(1217, 1217)
(1224, 1225)
(1225, 1226)
(1226, 1224)
(1226, 1225)
(1226, 1226)
(1233, 1234)
(1234, 1235)
(1235, 1233)
(1235, 1234)
(1235, 1235)
(1242, 1243)
(1243, 1244)
(1244, 1242)
(1244, 1243)
(1244, 1244)
(1251, 1252)
(1252, 1253)
(1253, 1251)
(1253, 1252)
(1253, 1253)
(1260, 1261)
(1261, 1262)
(1262, 1260)
(1262, 1261)
(1262, 1262)
(1269, 1270)
(1270, 1271)
(1271, 1269)
(1271, 1270)
(1271, 1271)
(1278, 1279)
(1279, 1280)
(1280, 1278)
(1280, 1279)
(1280, 1280)
(1287, 1288)
(1288, 1289)
(1289, 1287)
(1289, 1288)
(1289, 1289)
(1296, 1297)
(1297, 1298)
(1298, 1296)
(1298, 1297)
(1298, 1298)
(1305, 1306)
(1306, 1307)
(1307, 1305)
(1307, 1306)
(1307, 1307)
(1314, 1315)
(1315, 1316)
(1316, 1314)
(1316, 1315)
(1316, 1316)
(1323, 1324)
(1324, 1325)
(1325, 1323)
(1325, 1324)
(1325, 1325)
(1332, 1333)
(1333, 1334)
(1334, 1332)
(1334, 1333)
(1334, 1334)
(1341, 1342)
(1342, 1343)
(1343, 1341)
(1343, 1342)
(1343, 1343)
(1350, 1351)
(1351, 1352)
(1352, 1350)
(1352, 1351)
(1352, 1352)
(1359, 1360)
(1360, 1361)
(1361, 1359)
(1361, 1360)
(1361, 1361)
(1368, 1369)
(1369, 1370)
(1370, 1368)
(1370, 1369)
(1370, 1370)
(1377, 1378)
(1378, 1379)
(1379, 1377)
(1379, 1378)
(1379, 1379)
(1386, 1387)
(1387, 1388)
(1388, 1386)
(1388, 1387)
(1388, 1388)
(1395, 1396)
(1396, 1397)
(1397, 1395)
(1397, 1396)
(1397, 1397)
(1404, 1405)
(1405, 1406)
(1406, 1404)
(1406, 1405)
(1406, 1406)
(1413, 1414)
(1414, 1415)
(1415, 1413)
(1415, 1414)
(1415, 1415)
(1422, 1423)
(1423, 1424)
(1424, 1422)
(1424, 1423)
(1424, 1424)
(1431, 1432)
(1432, 1433)
(1433, 1431)
(1433, 1432)
(1433, 1433)
(1440, 1441)
(1441, 1442)
(1442, 1440)
(1442, 1441)
(1442, 1442)
(1449, 1450)
(1450, 1451)
(1451, 1449)
(1451, 1450)
(1451, 1451)
(1458, 1459)
(1459, 1460)
(1460, 1458)
(1460, 1459)
(1460, 1460)
(1467, 1468)
(1468, 1469)
(1469, 1467)
(1469, 1468)
(1469, 1469)
(1476, 1477)
(1477, 1478)
(1478, 1476)
(1478, 1477)
(1478, 1478)
(1485, 1486)
(1486, 1487)
(1487, 1485)
(1487, 1486)
(1487, 1487)
(1494, 1495)
(1495, 1496)
(1496, 1494)
(1496, 1495)
(1496, 1496)
(1503, 1504)
(1504, 1505)
(1505, 1503)
(1505, 1504)
(1505, 1505)
(1512, 1513)
(1513, 1514)
(1514, 1512)
(1514, 1513)
(1514, 1514)
(1521, 1522)
(1522, 1523)
(1523, 1521)
(1523, 1522)
(1523, 1523)
(1530, 1531)
(1531, 1532)
(1532, 1530)
(1532, 1531)
(1532, 1532)
(1539, 1540)
(1540, 1541)
(1541, 1539)
(1541, 1540)
(1541, 1541)
(1548, 1549)
(1549, 1550)
(1550, 1548)
(1550, 1549)
(1550, 1550)
(1557, 1558)
(1558, 1559)
(1559, 1557)
(1559, 1558)
(1559, 1559)
(1566, 1567)
(1567, 1568)
(1568, 1566)
(1568, 1567)
(1568, 1568)
(1575, 1576)
(1576, 1577)
(1577, 1575)
(1577, 1576)
(1577, 1577)
(1584, 1585)
(1585, 1586)
(1586, 1584)
(1586, 1585)
(1586, 1586)
(1593, 1594)
(1594, 1595)
(1595, 1593)
(1595, 1594)
(1595, 1595)
(1602, 1603)
(1603, 1604)
(1604, 1602)
(1604, 1603)
(1604, 1604)
(1611, 1612)
(1612, 1613)
(1613, 1611)
(1613, 1612)
(1613, 1613)
(1620, 1621)
(1621, 1622)
(1622, 1620)
(1622, 1621)
(1622, 1622)
(1629, 1630)
(1630, 1631)
(1631, 1629)
(1631, 1630)
(1631, 1631)
(1638, 1639)
(1639, 1640)
(1640, 1638)
(1640, 1639)
(1640, 1640)
(1647, 1648)
(1648, 1649)
(1649, 1647)
(1649, 1648)
(1649, 1649)
(1656, 1657)
(1657, 1658)
(1658, 1656)
(1658, 1657)
(1658, 1658)
(1665, 1666)
(1666, 1667)
(1667, 1665)
(1667, 1666)
(1667, 1667)
(1674, 1675)
(1675, 1676)
(1676, 1674)
(1676, 1675)
(1676, 1676)
(1683, 1684)
(1684, 1685)
(1685, 1683)
(1685, 1684)
(1685, 1685)
(1692, 1693)
(1693, 1694)
(1694, 1692)
(1694, 1693)
(1694, 1694)
(1701, 1702)
(1702, 1703)
(1703, 1701)
(1703, 1702)
(1703, 1703)
(1710, 1711)
(1711, 1712)
(1712, 1710)
(1712, 1711)
(1712, 1712)
(1719, 1720)
(1720, 1721)
(1721, 1719)
(1721, 1720)
(1721, 1721)
(1728, 1729)
(1729, 1730)
(1730, 1728)
(1730, 1729)
(1730, 1730)
(1737, 1738)
(1738, 1739)
(1739, 1737)
(1739, 1738)
(1739, 1739)
(1746, 1747)
(1747, 1748)
(1748, 1746)
(1748, 1747)
(1748, 1748)
(1755, 1756)
(1756, 1757)
(1757, 1755)
(1757, 1756)
(1757, 1757)
(1764, 1765)
(1765, 1766)
(1766, 1764)
(1766, 1765)
(1766, 1766)
(1773, 1774)
(1774, 1775)
(1775, 1773)
(1775, 1774)
(1775, 1775)
(1782, 1783)
(1783, 1784)
(1784, 1782)
(1784, 1783)
(1784, 1784)
(1791, 1792)
(1792, 1793)
(1793, 1791)
(1793, 1792)
(1793, 1793)
(1800, 1801)
(1801, 1802)
(1802, 1800)
(1802, 1801)
(1802, 1802)
(1809, 1810)
(1810, 1811)
(1811, 1809)
(1811, 1810)
(1811, 1811)
(1818, 1819)
(1819, 1820)
(1820, 1818)
(1820, 1819)
(1820, 1820)
(1827, 1828)
(1828, 1829)
(1829, 1827)
(1829, 1828)
(1829, 1829)
(1836, 1837)
(1837, 1838)
(1838, 1836)
(1838, 1837)
(1838, 1838)
(1845, 1846)
(1846, 1847)
(1847, 1845)
(1847, 1846)
(1847, 1847)
(1854, 1855)
(1855, 1856)
(1856, 1854)
(1856, 1855)
(1856, 1856)
(1863, 1864)
(1864, 1865)
(1865, 1863)
(1865, 1864)
(1865, 1865)
(1872, 1873)
(1873, 1874)
(1874, 1872)
(1874, 1873)
(1874, 1874)
(1881, 1882)
(1882, 1883)
(1883, 1881)
(1883, 1882)
(1883, 1883)
(1890, 1891)
(1891, 1892)
(1892, 1890)
(1892, 1891)
(1892, 1892)
(1899, 1900)
(1900, 1901)
(1901, 1899)
(1901, 1900)
(1901, 1901)
(1908, 1909)
(1909, 1910)
(1910, 1908)
(1910, 1909)
(1910, 1910)
(1917, 1918)
(1918, 1919)
(1919, 1917)
(1919, 1918)
(1919, 1919)
(1926, 1927)
(1927, 1928)
(1928, 1926)
(1928, 1927)
(1928, 1928)
(1935, 1936)
(1936, 1937)
(1937, 1935)
(1937, 1936)
(1937, 1937)
(1944, 1945)
(1945, 1946)
(1946, 1944)
(1946, 1945)
(1946, 1946)
(1953, 1954)
(1954, 1955)
(1955, 1953)
(1955, 1954)
(1955, 1955)
(1962, 1963)
(1963, 1964)
(1964, 1962)
(1964, 1963)
(1964, 1964)
(1971, 1972)
(1972, 1973)
(1973, 1971)
(1973, 1972)
(1973, 1973)
(1980, 1981)
(1981, 1982)
(1982, 1980)
(1982, 1981)
(1982, 1982)
(1989, 1990)
(1990, 1991)
(1991, 1989)
(1991, 1990)
(1991, 1991)
(1998, 1999)
(1999, 2000)
(2000, 1998)
(2000, 1999)
(2000, 2000)
(2007, 2008)
(2008, 2009)
(2009, 2007)
(2009, 2008)
(2009, 2009)
(2016, 2017)
(2017, 2018)
(2018, 2016)
(2018, 2017)
(2018, 2018)
(2025, 2026)
(2026, 2027)
(2027, 2025)
(2027, 2026)
(2027, 2027)
(2034, 2035)
(2035, 2036)
(2036, 2034)
(2036, 2035)
(2036, 2036)
(2043, 2044)
(2044, 2045)
(2045, 2043)
(2045, 2044)
(2045, 2045)
(2052, 2053)
(2053, 2054)
(2054, 2052)
(2054, 2053)
(2054, 2054)
(2061, 2062)
(2062, 2063)
(2063, 2061)
(2063, 2062)
(2063, 2063)
(2070, 2071)
(2071, 2072)
(2072, 2070)
(2072, 2071)
(2072, 2072)
(2079, 2080)
(2080, 2081)
(2081, 2079)
(2081, 2080)
(2081, 2081)
(2088, 2089)
(2089, 2090)
(2090, 2088)
(2090, 2089)
(2090, 2090)
(2097, 2098)
(2098, 2099)
(2099, 2097)
(2099, 2098)
(2099, 2099)
(2106, 2107)
(2107, 2108)
(2108, 2106)
(2108, 2107)
(2108, 2108)
(2115, 2116)
(2116, 2117)
(2117, 2115)
(2117, 2116)
(2117, 2117)
(2124, 2125)
(2125, 2126)
(2126, 2124)
(2126, 2125)
(2126, 2126)
(2133, 2134)
(2134, 2135)
(2135, 2133)
(2135, 2134)
(2135, 2135)
(2142, 2143)
(2143, 2144)
(2144, 2142)
(2144, 2143)
(2144, 2144)
(2151, 2152)
(2152, 2153)
(2153, 2151)
(2153, 2152)
(2153, 2153)
(2160, 2161)
(2161, 2162)
(2162, 2160)
(2162, 2161)
(2162, 2162)
(2169, 2170)
(2170, 2171)
(2171, 2169)
(2171, 2170)
(2171, 2171)
(2178, 2179)
(2179, 2180)
(2180, 2178)
(2180, 2179)
(2180, 2180)
(2187, 2188)
(2188, 2189)
(2189, 2187)
(2189, 2188)
(2189, 2189)
(2196, 2197)
(2197, 2198)
(2198, 2196)
(2198, 2197)
(2198, 2198)
(2205, 2206)
(2206, 2207)
(2207, 2205)
(2207, 2206)
(2207, 2207)
(2214, 2215)
(2215, 2216)
(2216, 2214)
(2216, 2215)
(2216, 2216)
(2223, 2224)
(2224, 2225)
(2225, 2223)
(2225, 2224)
(2225, 2225)
(2232, 2233)
(2233, 2234)
(2234, 2232)
(2234, 2233)
(2234, 2234)
(2241, 2242)
(2242, 2243)
(2243, 2241)
(2243, 2242)
(2243, 2243)
(2250, 2251)
(2251, 2252)
(2252, 2250)
(2252, 2251)
(2252, 2252)
(2259, 2260)
(2260, 2261)
(2261, 2259)
(2261, 2260)
(2261, 2261)
(2268, 2269)
(2269, 2270)
(2270, 2268)
(2270, 2269)
(2270, 2270)
(2277, 2278)
(2278, 2279)
(2279, 2277)
(2279, 2278)
(2279, 2279)
(2286, 2287)
(2287, 2288)
(2288, 2286)
(2288, 2287)
(2288, 2288)
(2295, 2296)
(2296, 2297)
(2297, 2295)
(2297, 2296)
(2297, 2297)
(2304, 2305)
(2305, 2306)
(2306, 2304)
(2306, 2305)
(2306, 2306)
(2313, 2314)
(2314, 2315)
(2315, 2313)
(2315, 2314)
(2315, 2315)
(2322, 2323)
(2323, 2324)
(2324, 2322)
(2324, 2323)
(2324, 2324)
(2331, 2332)
(2332, 2333)
(2333, 2331)
(2333, 2332)
(2333, 2333)
(2340, 2341)
(2341, 2342)
(2342, 2340)
(2342, 2341)
(2342, 2342)
(2349, 2350)
(2350, 2351)
(2351, 2349)
(2351, 2350)
(2351, 2351)
(2358, 2359)
(2359, 2360)
(2360, 2358)
(2360, 2359)
(2360, 2360)
(2367, 2368)
(2368, 2369)
(2369, 2367)
(2369, 2368)
(2369, 2369)
(2376, 2377)
(2377, 2378)
(2378, 2376)
(2378, 2377)
(2378, 2378)
(2385, 2386)
(2386, 2387)
(2387, 2385)
(2387, 2386)
(2387, 2387)
(2394, 2395)
(2395, 2396)
(2396, 2394)
(2396, 2395)
(2396, 2396)
(2403, 2404)
(2404, 2405)
(2405, 2403)
(2405, 2404)
(2405, 2405)
(2412, 2413)
(2413, 2414)
(2414, 2412)
(2414, 2413)
(2414, 2414)
(2421, 2422)
(2422, 2423)
(2423, 2421)
(2423, 2422)
(2423, 2423)
(2430, 2431)
(2431, 2432)
(2432, 2430)
(2432, 2431)
(2432, 2432)
(2439, 2440)
(2440, 2441)
(2441, 2439)
(2441, 2440)
(2441, 2441)
(2448, 2449)
(2449, 2450)
(2450, 2448)
(2450, 2449)
(2450, 2450)
(2457, 2458)
(2458, 2459)
(2459, 2457)
(2459, 2458)
(2459, 2459)
(2466, 2467)
(2467, 2468)
(2468, 2466)
(2468, 2467)
(2468, 2468)
(2475, 2476)
(2476, 2477)
(2477, 2475)
(2477, 2476)
(2477, 2477)
(2484, 2485)
(2485, 2486)
(2486, 2484)
(2486, 2485)
(2486, 2486)
(2493, 2494)
(2494, 2495)
(2495, 2493)
(2495, 2494)
(2495, 2495)
(2502, 2503)
(2503, 2504)
(2504, 2502)
(2504, 2503)
(2504, 2504)
(2511, 2512)
(2512, 2513)
(2513, 2511)
(2513, 2512)
(2513, 2513)
(2520, 2521)
(2521, 2522)
(2522, 2520)
(2522, 2521)
(2522, 2522)
(2529, 2530)
(2530, 2531)
(2531, 2529)
(2531, 2530)
(2531, 2531)
(2538, 2539)
(2539, 2540)
(2540, 2538)
(2540, 2539)
(2540, 2540)
(2547, 2548)
(2548, 2549)
(2549, 2547)
(2549, 2548)
(2549, 2549)
(2556, 2557)
(2557, 2558)
(2558, 2556)
(2558, 2557)
(2558, 2558)
(2565, 2566)
(2566, 2567)
(2567, 2565)
(2567, 2566)
(2567, 2567)
(2574, 2575)
(2575, 2576)
(2576, 2574)
(2576, 2575)
(2576, 2576)
(2583, 2584)
(2584, 2585)
(2585, 2583)
(2585, 2584)
(2585, 2585)
(2592, 2593)
(2593, 2594)
(2594, 2592)
(2594, 2593)
(2594, 2594)
(2601, 2602)
(2602, 2603)
(2603, 2601)
(2603, 2602)
(2603, 2603)
(2610, 2611)
(2611, 2612)
(2612, 2610)
(2612, 2611)
(2612, 2612)
(2619, 2620)
(2620, 2621)
(2621, 2619)
(2621, 2620)
(2621, 2621)
(2628, 2629)
(2629, 2630)
(2630, 2628)
(2630, 2629)
(2630, 2630)
(2637, 2638)
(2638, 2639)
(2639, 2637)
(2639, 2638)
(2639, 2639)
(2646, 2647)
(2647, 2648)
(2648, 2646)
(2648, 2647)
(2648, 2648)
(2655, 2656)
(2656, 2657)
(2657, 2655)
(2657, 2656)
(2657, 2657)
(2664, 2665)
(2665, 2666)
(2666, 2664)
(2666, 2665)
(2666, 2666)
(2673, 2674)
(2674, 2675)
(2675, 2673)
(2675, 2674)
(2675, 2675)
(2682, 2683)
(2683, 2684)
(2684, 2682)
(2684, 2683)
(2684, 2684)
(2691, 2692)
(2692, 2693)
(2693, 2691)
(2693, 2692)
(2693, 2693)
(2700, 2701)
(2701, 2702)
(2702, 2700)
(2702, 2701)
(2702, 2702)
(2709, 2710)
(2710, 2711)
(2711, 2709)
(2711, 2710)
(2711, 2711)
(2718, 2719)
(2719, 2720)
(2720, 2718)
(2720, 2719)
(2720, 2720)
(2727, 2728)
(2728, 2729)
(2729, 2727)
(2729, 2728)
(2729, 2729)
(2736, 2737)
(2737, 2738)
(2738, 2736)
(2738, 2737)
(2738, 2738)
(2745, 2746)
(2746, 2747)
(2747, 2745)
(2747, 2746)
(2747, 2747)
(2754, 2755)
(2755, 2756)
(2756, 2754)
(2756, 2755)
(2756, 2756)
(2763, 2764)
(2764, 2765)
(2765, 2763)
(2765, 2764)
(2765, 2765)
(2772, 2773)
(2773, 2774)
(2774, 2772)
(2774, 2773)
(2774, 2774)
(2781, 2782)
(2782, 2783)
(2783, 2781)
(2783, 2782)
(2783, 2783)
(2790, 2791)
(2791, 2792)
(2792, 2790)
(2792, 2791)
(2792, 2792)
(2799, 2800)
(2800, 2801)
(2801, 2799)
(2801, 2800)
(2801, 2801)
(2808, 2809)
(2809, 2810)
(2810, 2808)
(2810, 2809)
(2810, 2810)
(2817, 2818)
(2818, 2819)
(2819, 2817)
(2819, 2818)
(2819, 2819)
(2826, 2827)
(2827, 2828)
(2828, 2826)
(2828, 2827)
(2828, 2828)
(2835, 2836)
(2836, 2837)
(2837, 2835)
(2837, 2836)
(2837, 2837)
(2844, 2845)
(2845, 2846)
(2846, 2844)
(2846, 2845)
(2846, 2846)
(2853, 2854)
(2854, 2855)
(2855, 2853)
(2855, 2854)
(2855, 2855)
(2862, 2863)
(2863, 2864)
(2864, 2862)
(2864, 2863)
(2864, 2864)
(2871, 2872)
(2872, 2873)
(2873, 2871)
(2873, 2872)
(2873, 2873)
(2880, 2881)
(2881, 2882)
(2882, 2880)
(2882, 2881)
(2882, 2882)
(2889, 2890)
(2890, 2891)
(2891, 2889)
(2891, 2890)
(2891, 2891)
(2898, 2899)
(2899, 2900)
(2900, 2898)
(2900, 2899)
(2900, 2900)
(2907, 2908)
(2908, 2909)
(2909, 2907)
(2909, 2908)
(2909, 2909)
(2916, 2917)
(2917, 2918)
(2918, 2916)
(2918, 2917)
(2918, 2918)
(2925, 2926)
(2926, 2927)
(2927, 2925)
(2927, 2926)
(2927, 2927)
(2934, 2935)
(2935, 2936)
(2936, 2934)
(2936, 2935)
(2936, 2936)
(2943, 2944)
(2944, 2945)
(2945, 2943)
(2945, 2944)
(2945, 2945)
(2952, 2953)
(2953, 2954)
(2954, 2952)
(2954, 2953)
(2954, 2954)
(2961, 2962)
(2962, 2963)
(2963, 2961)
(2963, 2962)
(2963, 2963)
(2970, 2971)
(2971, 2972)
(2972, 2970)
(2972, 2971)
(2972, 2972)
(2979, 2980)
(2980, 2981)
(2981, 2979)
(2981, 2980)
(2981, 2981)
(2988, 2989)
(2989, 2990)
(2990, 2988)
(2990, 2989)
(2990, 2990)
(2997, 2998)
(2998, 2999)
(2999, 2997)
(2999, 2998)
(2999, 2999)
